# Auto-generated parameter sets (WSE mode)
# P: WSE-specific sequence (16-650)
# L: Start at 1, double until 3*P (constraint: L+P < 740)
# M=N: Start at P, double until 8*P
# Format: P L M N
#
16 1 16 16
16 1 32 32
16 1 64 64
16 1 128 128
16 2 16 16
16 2 32 32
16 2 64 64
16 2 128 128
16 4 16 16
16 4 32 32
16 4 64 64
16 4 128 128
16 8 16 16
16 8 32 32
16 8 64 64
16 8 128 128
16 16 16 16
16 16 32 32
16 16 64 64
16 16 128 128
16 32 16 16
16 32 32 32
16 32 64 64
16 32 128 128
32 1 32 32
32 1 64 64
32 1 128 128
32 1 256 256
32 2 32 32
32 2 64 64
32 2 128 128
32 2 256 256
32 4 32 32
32 4 64 64
32 4 128 128
32 4 256 256
32 8 32 32
32 8 64 64
32 8 128 128
32 8 256 256
32 16 32 32
32 16 64 64
32 16 128 128
32 16 256 256
32 32 32 32
32 32 64 64
32 32 128 128
32 32 256 256
32 64 32 32
32 64 64 64
32 64 128 128
32 64 256 256
48 1 48 48
48 1 96 96
48 1 192 192
48 1 384 384
48 2 48 48
48 2 96 96
48 2 192 192
48 2 384 384
48 4 48 48
48 4 96 96
48 4 192 192
48 4 384 384
48 8 48 48
48 8 96 96
48 8 192 192
48 8 384 384
48 16 48 48
48 16 96 96
48 16 192 192
48 16 384 384
48 32 48 48
48 32 96 96
48 32 192 192
48 32 384 384
48 64 48 48
48 64 96 96
48 64 192 192
48 64 384 384
48 128 48 48
48 128 96 96
48 128 192 192
48 128 384 384
64 1 64 64
64 1 128 128
64 1 256 256
64 1 512 512
64 2 64 64
64 2 128 128
64 2 256 256
64 2 512 512
64 4 64 64
64 4 128 128
64 4 256 256
64 4 512 512
64 8 64 64
64 8 128 128
64 8 256 256
64 8 512 512
64 16 64 64
64 16 128 128
64 16 256 256
64 16 512 512
64 32 64 64
64 32 128 128
64 32 256 256
64 32 512 512
64 64 64 64
64 64 128 128
64 64 256 256
64 64 512 512
64 128 64 64
64 128 128 128
64 128 256 256
64 128 512 512
80 1 80 80
80 1 160 160
80 1 320 320
80 1 640 640
80 2 80 80
80 2 160 160
80 2 320 320
80 2 640 640
80 4 80 80
80 4 160 160
80 4 320 320
80 4 640 640
80 8 80 80
80 8 160 160
80 8 320 320
80 8 640 640
80 16 80 80
80 16 160 160
80 16 320 320
80 16 640 640
80 32 80 80
80 32 160 160
80 32 320 320
80 32 640 640
80 64 80 80
80 64 160 160
80 64 320 320
80 64 640 640
80 128 80 80
80 128 160 160
80 128 320 320
80 128 640 640
112 1 112 112
112 1 224 224
112 1 448 448
112 1 896 896
112 2 112 112
112 2 224 224
112 2 448 448
112 2 896 896
112 4 112 112
112 4 224 224
112 4 448 448
112 4 896 896
112 8 112 112
112 8 224 224
112 8 448 448
112 8 896 896
112 16 112 112
112 16 224 224
112 16 448 448
112 16 896 896
112 32 112 112
112 32 224 224
112 32 448 448
112 32 896 896
112 64 112 112
112 64 224 224
112 64 448 448
112 64 896 896
112 128 112 112
112 128 224 224
112 128 448 448
112 128 896 896
112 256 112 112
112 256 224 224
112 256 448 448
112 256 896 896
144 1 144 144
144 1 288 288
144 1 576 576
144 1 1152 1152
144 2 144 144
144 2 288 288
144 2 576 576
144 2 1152 1152
144 4 144 144
144 4 288 288
144 4 576 576
144 4 1152 1152
144 8 144 144
144 8 288 288
144 8 576 576
144 8 1152 1152
144 16 144 144
144 16 288 288
144 16 576 576
144 16 1152 1152
144 32 144 144
144 32 288 288
144 32 576 576
144 32 1152 1152
144 64 144 144
144 64 288 288
144 64 576 576
144 64 1152 1152
144 128 144 144
144 128 288 288
144 128 576 576
144 128 1152 1152
144 256 144 144
144 256 288 288
144 256 576 576
144 256 1152 1152
176 1 176 176
176 1 352 352
176 1 704 704
176 1 1408 1408
176 2 176 176
176 2 352 352
176 2 704 704
176 2 1408 1408
176 4 176 176
176 4 352 352
176 4 704 704
176 4 1408 1408
176 8 176 176
176 8 352 352
176 8 704 704
176 8 1408 1408
176 16 176 176
176 16 352 352
176 16 704 704
176 16 1408 1408
176 32 176 176
176 32 352 352
176 32 704 704
176 32 1408 1408
176 64 176 176
176 64 352 352
176 64 704 704
176 64 1408 1408
176 128 176 176
176 128 352 352
176 128 704 704
176 128 1408 1408
176 256 176 176
176 256 352 352
176 256 704 704
176 256 1408 1408
176 512 176 176
176 512 352 352
176 512 704 704
176 512 1408 1408
208 1 208 208
208 1 416 416
208 1 832 832
208 1 1664 1664
208 2 208 208
208 2 416 416
208 2 832 832
208 2 1664 1664
208 4 208 208
208 4 416 416
208 4 832 832
208 4 1664 1664
208 8 208 208
208 8 416 416
208 8 832 832
208 8 1664 1664
208 16 208 208
208 16 416 416
208 16 832 832
208 16 1664 1664
208 32 208 208
208 32 416 416
208 32 832 832
208 32 1664 1664
208 64 208 208
208 64 416 416
208 64 832 832
208 64 1664 1664
208 128 208 208
208 128 416 416
208 128 832 832
208 128 1664 1664
208 256 208 208
208 256 416 416
208 256 832 832
208 256 1664 1664
208 512 208 208
208 512 416 416
208 512 832 832
208 512 1664 1664
240 1 240 240
240 1 480 480
240 1 960 960
240 1 1920 1920
240 2 240 240
240 2 480 480
240 2 960 960
240 2 1920 1920
240 4 240 240
240 4 480 480
240 4 960 960
240 4 1920 1920
240 8 240 240
240 8 480 480
240 8 960 960
240 8 1920 1920
240 16 240 240
240 16 480 480
240 16 960 960
240 16 1920 1920
240 32 240 240
240 32 480 480
240 32 960 960
240 32 1920 1920
240 64 240 240
240 64 480 480
240 64 960 960
240 64 1920 1920
240 128 240 240
240 128 480 480
240 128 960 960
240 128 1920 1920
240 256 240 240
240 256 480 480
240 256 960 960
240 256 1920 1920
304 1 304 304
304 1 608 608
304 1 1216 1216
304 1 2432 2432
304 2 304 304
304 2 608 608
304 2 1216 1216
304 2 2432 2432
304 4 304 304
304 4 608 608
304 4 1216 1216
304 4 2432 2432
304 8 304 304
304 8 608 608
304 8 1216 1216
304 8 2432 2432
304 16 304 304
304 16 608 608
304 16 1216 1216
304 16 2432 2432
304 32 304 304
304 32 608 608
304 32 1216 1216
304 32 2432 2432
304 64 304 304
304 64 608 608
304 64 1216 1216
304 64 2432 2432
304 128 304 304
304 128 608 608
304 128 1216 1216
304 128 2432 2432
304 256 304 304
304 256 608 608
304 256 1216 1216
304 256 2432 2432
368 1 368 368
368 1 736 736
368 1 1472 1472
368 1 2944 2944
368 2 368 368
368 2 736 736
368 2 1472 1472
368 2 2944 2944
368 4 368 368
368 4 736 736
368 4 1472 1472
368 4 2944 2944
368 8 368 368
368 8 736 736
368 8 1472 1472
368 8 2944 2944
368 16 368 368
368 16 736 736
368 16 1472 1472
368 16 2944 2944
368 32 368 368
368 32 736 736
368 32 1472 1472
368 32 2944 2944
368 64 368 368
368 64 736 736
368 64 1472 1472
368 64 2944 2944
368 128 368 368
368 128 736 736
368 128 1472 1472
368 128 2944 2944
368 256 368 368
368 256 736 736
368 256 1472 1472
368 256 2944 2944
432 1 432 432
432 1 864 864
432 1 1728 1728
432 1 3456 3456
432 2 432 432
432 2 864 864
432 2 1728 1728
432 2 3456 3456
432 4 432 432
432 4 864 864
432 4 1728 1728
432 4 3456 3456
432 8 432 432
432 8 864 864
432 8 1728 1728
432 8 3456 3456
432 16 432 432
432 16 864 864
432 16 1728 1728
432 16 3456 3456
432 32 432 432
432 32 864 864
432 32 1728 1728
432 32 3456 3456
432 64 432 432
432 64 864 864
432 64 1728 1728
432 64 3456 3456
432 128 432 432
432 128 864 864
432 128 1728 1728
432 128 3456 3456
432 256 432 432
432 256 864 864
432 256 1728 1728
432 256 3456 3456
496 1 496 496
496 1 992 992
496 1 1984 1984
496 1 3968 3968
496 2 496 496
496 2 992 992
496 2 1984 1984
496 2 3968 3968
496 4 496 496
496 4 992 992
496 4 1984 1984
496 4 3968 3968
496 8 496 496
496 8 992 992
496 8 1984 1984
496 8 3968 3968
496 16 496 496
496 16 992 992
496 16 1984 1984
496 16 3968 3968
496 32 496 496
496 32 992 992
496 32 1984 1984
496 32 3968 3968
496 64 496 496
496 64 992 992
496 64 1984 1984
496 64 3968 3968
496 128 496 496
496 128 992 992
496 128 1984 1984
496 128 3968 3968
560 1 560 560
560 1 1120 1120
560 1 2240 2240
560 1 4480 4480
560 2 560 560
560 2 1120 1120
560 2 2240 2240
560 2 4480 4480
560 4 560 560
560 4 1120 1120
560 4 2240 2240
560 4 4480 4480
560 8 560 560
560 8 1120 1120
560 8 2240 2240
560 8 4480 4480
560 16 560 560
560 16 1120 1120
560 16 2240 2240
560 16 4480 4480
560 32 560 560
560 32 1120 1120
560 32 2240 2240
560 32 4480 4480
560 64 560 560
560 64 1120 1120
560 64 2240 2240
560 64 4480 4480
560 128 560 560
560 128 1120 1120
560 128 2240 2240
560 128 4480 4480
624 1 624 624
624 1 1248 1248
624 1 2496 2496
624 1 4992 4992
624 2 624 624
624 2 1248 1248
624 2 2496 2496
624 2 4992 4992
624 4 624 624
624 4 1248 1248
624 4 2496 2496
624 4 4992 4992
624 8 624 624
624 8 1248 1248
624 8 2496 2496
624 8 4992 4992
624 16 624 624
624 16 1248 1248
624 16 2496 2496
624 16 4992 4992
624 32 624 624
624 32 1248 1248
624 32 2496 2496
624 32 4992 4992
624 64 624 624
624 64 1248 1248
624 64 2496 2496
624 64 4992 4992
