Command: /mnt/data/haocheng/my_wavel/WaferLLM/Shift/WSE-3/run_sim.sh 16 2 16 16
Exit code: 0
Runtime: 43.62 seconds
--------------------------------------------------------------------------------
P=16, L=2, M=16, N=16
Output directory: out_params/out_P16_L2_M16_N16
[34m[INFO][0m === Beginning compilation ===
[34m[INFO][0m Using SIF: /home/haocheng/cerebrassdk/cs_sdk/sdk-cbcore-202505230211-4-9382352f.sif
[34m[INFO][0m CSL_IMPORT_PATH is not set
[34m[INFO][0m CSL_IMPORT_PATH accepts colon separated list of paths generated by 'realpath <path>'
[34m[INFO][0m Compilation successful
[34m[INFO][0m === Calling container-hosted python ===
[34m[INFO][0m Using SIF: /home/haocheng/cerebrassdk/cs_sdk/sdk-cbcore-202505230211-4-9382352f.sif
Expected result:
[[3.3936e-01 4.2017e-01 4.9829e-01 4.0210e-01 6.5869e-01 4.1650e-01
  3.9734e-02 2.0728e-01 4.2651e-01 1.8835e-01 8.4033e-01 5.7080e-01
  9.6313e-02 6.2354e-01 4.3970e-01 1.4624e-01]
 [8.2275e-01 8.7793e-01 5.7031e-01 2.8271e-01 9.7070e-01 6.2744e-01
  7.6416e-01 6.9531e-01 4.7046e-01 6.1914e-01 3.1958e-01 9.6582e-01
  3.9038e-01 2.8589e-01 6.3232e-01 8.9111e-01]
 [1.2231e-01 5.4639e-01 7.2205e-02 8.5205e-01 6.4697e-01 2.5366e-01
  7.1924e-01 1.5479e-01 1.8481e-01 4.0625e-01 2.1069e-01 1.6556e-02
  7.5635e-01 5.6201e-01 7.9150e-01 6.5430e-01]
 [3.0396e-01 6.3721e-01 9.4336e-01 6.4258e-01 4.9756e-01 5.5176e-01
  6.7090e-01 5.7959e-01 7.6514e-01 1.6815e-02 8.2275e-01 5.0391e-01
  9.5850e-01 3.9941e-01 2.8125e-01 3.3276e-01]
 [7.6953e-01 9.0869e-01 5.0684e-01 6.1768e-01 8.8330e-01 8.9844e-01
  5.4199e-01 7.1240e-01 6.4990e-01 4.6582e-01 4.0601e-01 7.7539e-01
  3.8232e-01 5.1807e-01 3.7915e-01 5.1660e-01]
 [6.6602e-01 6.3525e-01 4.5435e-01 9.4238e-02 4.1650e-01 2.3145e-01
  4.6826e-01 4.3750e-01 1.0449e-01 2.5928e-01 1.9055e-01 8.1299e-01
  1.9934e-01 4.9731e-01 5.0732e-01 2.8345e-01]
 [2.7881e-01 7.5244e-01 3.7109e-01 2.2522e-01 4.3335e-01 1.6528e-01
  6.4746e-01 6.0107e-01 2.1289e-01 4.5929e-02 3.6328e-01 9.6045e-01
  9.2224e-02 4.4220e-02 9.5996e-01 1.9092e-01]
 [4.5117e-01 7.7100e-01 4.2505e-01 9.8877e-01 9.2139e-01 7.3389e-01
  7.8809e-01 3.1348e-01 8.1152e-01 5.4688e-02 9.0234e-01 2.4963e-01
  8.4375e-01 5.7129e-01 7.8711e-01 9.8535e-01]
 [4.2896e-01 8.6279e-01 1.3513e-01 8.8232e-01 1.5125e-01 7.4902e-01
  2.9370e-01 2.1765e-01 3.9551e-01 1.8896e-01 7.9980e-01 1.8280e-02
  1.3123e-01 9.8193e-01 8.8281e-01 2.0789e-01]
 [7.8174e-01 2.7051e-01 2.5299e-02 7.5684e-01 6.1279e-01 6.0840e-01
  4.3970e-01 4.7534e-01 2.2327e-01 7.8271e-01 5.3223e-01 9.7363e-01
  3.3798e-03 9.9219e-01 1.4075e-01 5.6671e-02]
 [8.2178e-01 8.7646e-01 2.0294e-02 3.1812e-01 2.1423e-01 3.0176e-01
  8.6279e-01 9.7510e-01 4.9268e-01 7.6050e-02 8.1104e-01 5.0049e-01
  5.5322e-01 6.7627e-01 9.2773e-01 4.1309e-01]
 [2.4622e-01 6.3354e-02 5.4199e-01 9.2468e-02 6.8799e-01 4.1235e-01
  1.1798e-01 5.1172e-01 4.2944e-01 6.3867e-01 2.9077e-01 2.1106e-01
  7.5293e-01 1.4551e-01 6.9153e-02 9.9316e-01]
 [6.2012e-02 5.8691e-01 1.8372e-01 1.6113e-01 1.9531e-01 5.6006e-01
  1.1957e-01 1.3879e-01 9.3799e-01 6.1321e-04 9.1650e-01 3.5449e-01
  9.3945e-01 5.6689e-01 1.7944e-01 8.7842e-01]
 [2.1252e-01 1.7090e-01 3.7109e-02 6.4551e-01 2.4268e-01 3.2129e-01
  4.7827e-01 7.7820e-02 9.4971e-01 3.6279e-01 7.2510e-01 2.0947e-01
  5.1074e-01 7.0068e-01 9.9658e-01 2.5806e-01]
 [7.0312e-01 9.8193e-01 5.3516e-01 8.4570e-01 5.5811e-01 2.1741e-01
  4.4385e-01 5.4297e-01 7.9785e-01 8.2422e-01 6.6101e-02 4.2358e-01
  9.5898e-01 5.4248e-01 8.1299e-01 4.9023e-01]
 [9.2773e-02 4.0112e-01 9.3750e-01 3.8013e-01 6.4160e-01 3.1689e-01
  4.4507e-01 7.6465e-01 7.3584e-01 8.1885e-01 4.3677e-01 2.4670e-01
  9.2334e-01 8.8770e-01 5.3027e-01 5.2783e-01]]
Actual result:
[[3.3936e-01 4.2017e-01 4.9829e-01 4.0210e-01 6.5869e-01 4.1650e-01
  3.9734e-02 2.0728e-01 4.2651e-01 1.8835e-01 8.4033e-01 5.7080e-01
  9.6313e-02 6.2354e-01 4.3970e-01 1.4624e-01]
 [8.2275e-01 8.7793e-01 5.7031e-01 2.8271e-01 9.7070e-01 6.2744e-01
  7.6416e-01 6.9531e-01 4.7046e-01 6.1914e-01 3.1958e-01 9.6582e-01
  3.9038e-01 2.8589e-01 6.3232e-01 8.9111e-01]
 [1.2231e-01 5.4639e-01 7.2205e-02 8.5205e-01 6.4697e-01 2.5366e-01
  7.1924e-01 1.5479e-01 1.8481e-01 4.0625e-01 2.1069e-01 1.6556e-02
  7.5635e-01 5.6201e-01 7.9150e-01 6.5430e-01]
 [3.0396e-01 6.3721e-01 9.4336e-01 6.4258e-01 4.9756e-01 5.5176e-01
  6.7090e-01 5.7959e-01 7.6514e-01 1.6815e-02 8.2275e-01 5.0391e-01
  9.5850e-01 3.9941e-01 2.8125e-01 3.3276e-01]
 [7.6953e-01 9.0869e-01 5.0684e-01 6.1768e-01 8.8330e-01 8.9844e-01
  5.4199e-01 7.1240e-01 6.4990e-01 4.6582e-01 4.0601e-01 7.7539e-01
  3.8232e-01 5.1807e-01 3.7915e-01 5.1660e-01]
 [6.6602e-01 6.3525e-01 4.5435e-01 9.4238e-02 4.1650e-01 2.3145e-01
  4.6826e-01 4.3750e-01 1.0449e-01 2.5928e-01 1.9055e-01 8.1299e-01
  1.9934e-01 4.9731e-01 5.0732e-01 2.8345e-01]
 [2.7881e-01 7.5244e-01 3.7109e-01 2.2522e-01 4.3335e-01 1.6528e-01
  6.4746e-01 6.0107e-01 2.1289e-01 4.5929e-02 3.6328e-01 9.6045e-01
  9.2224e-02 4.4220e-02 9.5996e-01 1.9092e-01]
 [4.5117e-01 7.7100e-01 4.2505e-01 9.8877e-01 9.2139e-01 7.3389e-01
  7.8809e-01 3.1348e-01 8.1152e-01 5.4688e-02 9.0234e-01 2.4963e-01
  8.4375e-01 5.7129e-01 7.8711e-01 9.8535e-01]
 [4.2896e-01 8.6279e-01 1.3513e-01 8.8232e-01 1.5125e-01 7.4902e-01
  2.9370e-01 2.1765e-01 3.9551e-01 1.8896e-01 7.9980e-01 1.8280e-02
  1.3123e-01 9.8193e-01 8.8281e-01 2.0789e-01]
 [7.8174e-01 2.7051e-01 2.5299e-02 7.5684e-01 6.1279e-01 6.0840e-01
  4.3970e-01 4.7534e-01 2.2327e-01 7.8271e-01 5.3223e-01 9.7363e-01
  3.3798e-03 9.9219e-01 1.4075e-01 5.6671e-02]
 [8.2178e-01 8.7646e-01 2.0294e-02 3.1812e-01 2.1423e-01 3.0176e-01
  8.6279e-01 9.7510e-01 4.9268e-01 7.6050e-02 8.1104e-01 5.0049e-01
  5.5322e-01 6.7627e-01 9.2773e-01 4.1309e-01]
 [2.4622e-01 6.3354e-02 5.4199e-01 9.2468e-02 6.8799e-01 4.1235e-01
  1.1798e-01 5.1172e-01 4.2944e-01 6.3867e-01 2.9077e-01 2.1106e-01
  7.5293e-01 1.4551e-01 6.9153e-02 9.9316e-01]
 [6.2012e-02 5.8691e-01 1.8372e-01 1.6113e-01 1.9531e-01 5.6006e-01
  1.1957e-01 1.3879e-01 9.3799e-01 6.1321e-04 9.1650e-01 3.5449e-01
  9.3945e-01 5.6689e-01 1.7944e-01 8.7842e-01]
 [2.1252e-01 1.7090e-01 3.7109e-02 6.4551e-01 2.4268e-01 3.2129e-01
  4.7827e-01 7.7820e-02 9.4971e-01 3.6279e-01 7.2510e-01 2.0947e-01
  5.1074e-01 7.0068e-01 9.9658e-01 2.5806e-01]
 [7.0312e-01 9.8193e-01 5.3516e-01 8.4570e-01 5.5811e-01 2.1741e-01
  4.4385e-01 5.4297e-01 7.9785e-01 8.2422e-01 6.6101e-02 4.2358e-01
  9.5898e-01 5.4248e-01 8.1299e-01 4.9023e-01]
 [9.2773e-02 4.0112e-01 9.3750e-01 3.8013e-01 6.4160e-01 3.1689e-01
  4.4507e-01 7.6465e-01 7.3584e-01 8.1885e-01 4.3677e-01 2.4670e-01
  9.2334e-01 8.8770e-01 5.3027e-01 5.2783e-01]]

Repeat count: 5
P: 16, L: 2, M: 16, N: 16
Mean cycle count: 202.9375
