Command: /mnt/data/haocheng/my_wavel/WaferLLM/Shift/WSE-3/run_sim.sh 12 12 12 12
Exit code: 0
--------------------------------------------------------------------------------
P=12, L=12, M=12, N=12
Output directory: out_params/out_P12_L12_M12_N12
[34m[INFO][0m === Beginning compilation ===
[34m[INFO][0m Using SIF: /home/haocheng/cerebrassdk/cs_sdk/sdk-cbcore-202505230211-4-9382352f.sif
[34m[INFO][0m CSL_IMPORT_PATH is not set
[34m[INFO][0m CSL_IMPORT_PATH accepts colon separated list of paths generated by 'realpath <path>'
[34m[INFO][0m Compilation successful
[34m[INFO][0m === Calling container-hosted python ===
[34m[INFO][0m Using SIF: /home/haocheng/cerebrassdk/cs_sdk/sdk-cbcore-202505230211-4-9382352f.sif
Expected result:
[[5.1788e-02 9.3994e-01 9.9121e-01 4.0283e-01 2.7588e-01 1.2012e-01
  4.0430e-01 8.1982e-01 7.7686e-01 7.6855e-01 8.4375e-01 6.0986e-01]
 [2.7832e-01 7.0215e-01 3.2812e-01 2.4902e-01 9.0820e-01 3.6206e-01
  8.1494e-01 1.3745e-01 3.4277e-01 2.1094e-01 9.5215e-01 6.1523e-01]
 [8.0664e-01 1.1926e-01 5.2881e-01 6.9287e-01 6.0156e-01 9.7070e-01
  4.0503e-01 7.4414e-01 8.7451e-01 2.6733e-01 9.5557e-01 7.0361e-01]
 [6.1182e-01 9.8779e-01 7.7588e-01 8.7744e-01 8.6182e-02 8.9307e-01
  2.0093e-01 2.1338e-01 9.1406e-01 8.1592e-01 1.9629e-01 9.7754e-01]
 [5.1221e-01 3.2861e-01 4.8022e-01 9.4531e-01 4.2578e-01 7.2168e-01
  1.9348e-01 9.6143e-01 2.2546e-01 8.6816e-01 4.4286e-05 2.0813e-01]
 [2.8638e-01 7.5879e-01 8.7402e-01 5.3320e-01 7.3340e-01 3.6407e-02
  7.2144e-02 2.3914e-01 6.7188e-01 1.5259e-01 8.3313e-02 5.8105e-01]
 [9.5703e-01 8.7842e-01 1.9299e-01 3.2886e-01 6.4795e-01 7.8516e-01
  5.7666e-01 8.1689e-01 5.2979e-01 8.5498e-01 4.8615e-02 5.6543e-01]
 [9.9609e-01 9.0869e-01 8.5693e-01 9.0234e-01 1.4673e-01 6.9873e-01
  1.2671e-01 9.2602e-04 7.1655e-02 1.6711e-01 3.8086e-01 6.5857e-02]
 [2.7344e-01 7.7979e-01 9.2407e-02 5.1855e-01 6.3037e-01 9.6729e-01
  1.6022e-02 7.0898e-01 2.9785e-01 1.3501e-01 9.2969e-01 3.7573e-01]
 [6.8176e-02 3.2812e-01 2.1191e-01 5.7275e-01 4.0503e-01 3.9038e-01
  7.4902e-01 3.1543e-01 4.4116e-01 6.0400e-01 6.1475e-01 3.3008e-01]
 [4.9341e-01 4.4995e-01 3.0762e-01 7.5635e-01 3.3667e-01 3.7134e-01
  2.7148e-01 9.4385e-01 3.8574e-01 1.4172e-01 3.3032e-01 7.4585e-02]
 [8.2520e-01 6.0059e-01 9.0088e-01 2.8076e-01 4.7394e-02 5.6689e-01
  4.7583e-01 9.8535e-01 9.5117e-01 6.4111e-01 9.8975e-01 4.2725e-02]]
Actual result:
[[5.1788e-02 9.3994e-01 9.9121e-01 4.0283e-01 2.7588e-01 1.2012e-01
  4.0430e-01 8.1982e-01 7.7686e-01 7.6855e-01 8.4375e-01 6.0986e-01]
 [2.7832e-01 7.0215e-01 3.2812e-01 2.4902e-01 9.0820e-01 3.6206e-01
  8.1494e-01 1.3745e-01 3.4277e-01 2.1094e-01 9.5215e-01 6.1523e-01]
 [8.0664e-01 1.1926e-01 5.2881e-01 6.9287e-01 6.0156e-01 9.7070e-01
  4.0503e-01 7.4414e-01 8.7451e-01 2.6733e-01 9.5557e-01 7.0361e-01]
 [6.1182e-01 9.8779e-01 7.7588e-01 8.7744e-01 8.6182e-02 8.9307e-01
  2.0093e-01 2.1338e-01 9.1406e-01 8.1592e-01 1.9629e-01 9.7754e-01]
 [5.1221e-01 3.2861e-01 4.8022e-01 9.4531e-01 4.2578e-01 7.2168e-01
  1.9348e-01 9.6143e-01 2.2546e-01 8.6816e-01 4.4286e-05 2.0813e-01]
 [2.8638e-01 7.5879e-01 8.7402e-01 5.3320e-01 7.3340e-01 3.6407e-02
  7.2144e-02 2.3914e-01 6.7188e-01 1.5259e-01 8.3313e-02 5.8105e-01]
 [9.5703e-01 8.7842e-01 1.9299e-01 3.2886e-01 6.4795e-01 7.8516e-01
  5.7666e-01 8.1689e-01 5.2979e-01 8.5498e-01 4.8615e-02 5.6543e-01]
 [9.9609e-01 9.0869e-01 8.5693e-01 9.0234e-01 1.4673e-01 6.9873e-01
  1.2671e-01 9.2602e-04 7.1655e-02 1.6711e-01 3.8086e-01 6.5857e-02]
 [2.7344e-01 7.7979e-01 9.2407e-02 5.1855e-01 6.3037e-01 9.6729e-01
  1.6022e-02 7.0898e-01 2.9785e-01 1.3501e-01 9.2969e-01 3.7573e-01]
 [6.8176e-02 3.2812e-01 2.1191e-01 5.7275e-01 4.0503e-01 3.9038e-01
  7.4902e-01 3.1543e-01 4.4116e-01 6.0400e-01 6.1475e-01 3.3008e-01]
 [4.9341e-01 4.4995e-01 3.0762e-01 7.5635e-01 3.3667e-01 3.7134e-01
  2.7148e-01 9.4385e-01 3.8574e-01 1.4172e-01 3.3032e-01 7.4585e-02]
 [8.2520e-01 6.0059e-01 9.0088e-01 2.8076e-01 4.7394e-02 5.6689e-01
  4.7583e-01 9.8535e-01 9.5117e-01 6.4111e-01 9.8975e-01 4.2725e-02]]

Repeat count: 5
P: 12, L: 12, M: 12, N: 12
Mean cycle count: 886.2833333333334
