Command: /mnt/data/haocheng/my_wavel/WaferLLM/Shift/WSE-3/run_sim.sh 16 4 16 16
Exit code: 0
Runtime: 62.89 seconds
--------------------------------------------------------------------------------
P=16, L=4, M=16, N=16
Output directory: out_params/out_P16_L4_M16_N16
[34m[INFO][0m === Beginning compilation ===
[34m[INFO][0m Using SIF: /home/haocheng/cerebrassdk/cs_sdk/sdk-cbcore-202505230211-4-9382352f.sif
[34m[INFO][0m CSL_IMPORT_PATH is not set
[34m[INFO][0m CSL_IMPORT_PATH accepts colon separated list of paths generated by 'realpath <path>'
[34m[INFO][0m Compilation successful
[34m[INFO][0m === Calling container-hosted python ===
[34m[INFO][0m Using SIF: /home/haocheng/cerebrassdk/cs_sdk/sdk-cbcore-202505230211-4-9382352f.sif
Expected result:
[[5.8838e-01 8.5303e-01 3.0322e-01 5.0354e-02 7.2559e-01 2.9639e-01
  8.3740e-01 7.5195e-01 6.9629e-01 8.4131e-01 5.0586e-01 3.1201e-01
  5.0342e-01 9.0918e-01 9.0527e-01 9.2773e-02]
 [1.9019e-01 3.6206e-01 6.5381e-01 6.9629e-01 1.9385e-01 8.4033e-01
  7.1729e-01 1.8921e-01 5.1562e-01 4.6234e-02 7.6599e-02 5.0586e-01
  3.2764e-01 4.2090e-01 1.5051e-01 9.2871e-01]
 [8.3105e-01 2.1436e-01 4.0967e-01 6.4844e-01 6.8848e-01 9.7217e-01
  7.9297e-01 9.4824e-01 8.1299e-01 9.3652e-01 6.1279e-01 8.0615e-01
  4.5752e-01 3.7994e-02 6.3574e-01 4.4098e-02]
 [7.8857e-01 4.9774e-02 8.4668e-01 5.2734e-02 3.5400e-01 5.2246e-01
  5.8691e-01 4.2041e-01 2.6807e-01 9.0283e-01 5.3613e-01 2.6758e-01
  5.9766e-01 1.3599e-01 3.1036e-02 4.3506e-01]
 [5.7275e-01 2.2498e-01 7.0703e-01 6.5967e-01 7.8613e-01 3.2227e-02
  3.6377e-01 5.2051e-01 6.4600e-01 1.0193e-01 4.0967e-01 8.6523e-01
  5.2686e-01 2.1289e-01 2.7847e-03 3.4204e-01]
 [8.5303e-01 8.0322e-01 1.8481e-01 3.7817e-01 2.9492e-01 6.0107e-01
  5.2588e-01 4.3555e-01 8.4619e-01 4.0625e-01 6.2061e-01 6.1426e-01
  6.2500e-01 9.4824e-01 1.1829e-01 8.1982e-01]
 [2.8931e-01 8.0713e-01 1.2292e-01 7.5586e-01 7.9224e-02 4.9585e-01
  7.2461e-01 3.6182e-01 6.7725e-01 7.5500e-02 8.2861e-01 8.1445e-01
  2.4316e-01 6.7090e-01 3.8037e-01 7.9199e-01]
 [8.8379e-01 9.6875e-01 2.8076e-01 4.9829e-01 5.2930e-01 5.7715e-01
  4.4263e-01 1.0211e-01 6.2500e-01 7.3877e-01 8.4766e-01 3.4546e-01
  5.3906e-01 6.0889e-01 7.7979e-01 1.2201e-01]
 [8.3350e-01 5.1123e-01 4.7168e-01 8.8330e-01 9.0576e-01 4.6582e-01
  5.4834e-01 8.5986e-01 8.4863e-01 2.0837e-01 7.5989e-02 8.3057e-01
  6.5186e-01 8.1152e-01 2.2278e-01 6.2500e-01]
 [5.9052e-02 8.1104e-01 5.8057e-01 3.7207e-01 3.8037e-01 8.2947e-02
  8.1641e-01 4.5312e-01 3.3667e-01 1.5335e-02 9.9756e-01 1.9604e-01
  3.2178e-01 2.6440e-01 8.1592e-01 9.8486e-01]
 [8.1250e-01 3.2104e-02 2.6587e-01 4.5410e-01 3.3478e-02 6.4014e-01
  1.7151e-01 7.3877e-01 1.2561e-01 6.0205e-01 8.3618e-02 8.1055e-01
  8.8721e-01 9.5361e-01 7.4658e-01 5.5029e-01]
 [2.7246e-01 2.8638e-01 3.3783e-02 6.8457e-01 6.5283e-01 1.5491e-01
  7.2314e-01 6.7139e-02 9.0820e-01 5.7709e-02 2.6733e-01 4.8682e-01
  3.8135e-01 7.6611e-01 5.5615e-01 4.5142e-01]
 [2.2083e-01 1.8359e-01 9.3262e-01 5.1562e-01 5.4590e-01 8.0518e-01
  2.0703e-01 9.7510e-01 2.3608e-01 1.9287e-01 9.3018e-02 9.6338e-01
  2.3694e-01 4.8706e-01 6.3037e-01 7.5000e-01]
 [8.1982e-01 5.3125e-01 9.7070e-01 8.5791e-01 9.5850e-01 2.1240e-01
  9.1357e-01 5.7275e-01 9.3311e-01 1.9971e-01 3.4595e-01 9.6729e-01
  2.9968e-02 2.6196e-01 7.7490e-01 9.5752e-01]
 [7.4463e-01 8.0811e-01 3.8770e-01 1.2610e-01 8.6475e-01 9.0479e-01
  2.0190e-01 1.1670e-01 9.2407e-02 4.4727e-01 7.6782e-02 4.1089e-01
  3.2666e-01 9.6631e-01 2.5732e-01 6.5332e-01]
 [1.9629e-01 3.9868e-01 7.1436e-01 8.8379e-01 4.5483e-01 7.4219e-01
  8.7988e-01 2.3071e-01 7.5244e-01 6.0889e-01 1.9373e-01 8.2617e-01
  5.8126e-04 6.7090e-01 9.4678e-01 1.7798e-01]]
Actual result:
[[5.8838e-01 8.5303e-01 3.0322e-01 5.0354e-02 7.2559e-01 2.9639e-01
  8.3740e-01 7.5195e-01 6.9629e-01 8.4131e-01 5.0586e-01 3.1201e-01
  5.0342e-01 9.0918e-01 9.0527e-01 9.2773e-02]
 [1.9019e-01 3.6206e-01 6.5381e-01 6.9629e-01 1.9385e-01 8.4033e-01
  7.1729e-01 1.8921e-01 5.1562e-01 4.6234e-02 7.6599e-02 5.0586e-01
  3.2764e-01 4.2090e-01 1.5051e-01 9.2871e-01]
 [8.3105e-01 2.1436e-01 4.0967e-01 6.4844e-01 6.8848e-01 9.7217e-01
  7.9297e-01 9.4824e-01 8.1299e-01 9.3652e-01 6.1279e-01 8.0615e-01
  4.5752e-01 3.7994e-02 6.3574e-01 4.4098e-02]
 [7.8857e-01 4.9774e-02 8.4668e-01 5.2734e-02 3.5400e-01 5.2246e-01
  5.8691e-01 4.2041e-01 2.6807e-01 9.0283e-01 5.3613e-01 2.6758e-01
  5.9766e-01 1.3599e-01 3.1036e-02 4.3506e-01]
 [5.7275e-01 2.2498e-01 7.0703e-01 6.5967e-01 7.8613e-01 3.2227e-02
  3.6377e-01 5.2051e-01 6.4600e-01 1.0193e-01 4.0967e-01 8.6523e-01
  5.2686e-01 2.1289e-01 2.7847e-03 3.4204e-01]
 [8.5303e-01 8.0322e-01 1.8481e-01 3.7817e-01 2.9492e-01 6.0107e-01
  5.2588e-01 4.3555e-01 8.4619e-01 4.0625e-01 6.2061e-01 6.1426e-01
  6.2500e-01 9.4824e-01 1.1829e-01 8.1982e-01]
 [2.8931e-01 8.0713e-01 1.2292e-01 7.5586e-01 7.9224e-02 4.9585e-01
  7.2461e-01 3.6182e-01 6.7725e-01 7.5500e-02 8.2861e-01 8.1445e-01
  2.4316e-01 6.7090e-01 3.8037e-01 7.9199e-01]
 [8.8379e-01 9.6875e-01 2.8076e-01 4.9829e-01 5.2930e-01 5.7715e-01
  4.4263e-01 1.0211e-01 6.2500e-01 7.3877e-01 8.4766e-01 3.4546e-01
  5.3906e-01 6.0889e-01 7.7979e-01 1.2201e-01]
 [8.3350e-01 5.1123e-01 4.7168e-01 8.8330e-01 9.0576e-01 4.6582e-01
  5.4834e-01 8.5986e-01 8.4863e-01 2.0837e-01 7.5989e-02 8.3057e-01
  6.5186e-01 8.1152e-01 2.2278e-01 6.2500e-01]
 [5.9052e-02 8.1104e-01 5.8057e-01 3.7207e-01 3.8037e-01 8.2947e-02
  8.1641e-01 4.5312e-01 3.3667e-01 1.5335e-02 9.9756e-01 1.9604e-01
  3.2178e-01 2.6440e-01 8.1592e-01 9.8486e-01]
 [8.1250e-01 3.2104e-02 2.6587e-01 4.5410e-01 3.3478e-02 6.4014e-01
  1.7151e-01 7.3877e-01 1.2561e-01 6.0205e-01 8.3618e-02 8.1055e-01
  8.8721e-01 9.5361e-01 7.4658e-01 5.5029e-01]
 [2.7246e-01 2.8638e-01 3.3783e-02 6.8457e-01 6.5283e-01 1.5491e-01
  7.2314e-01 6.7139e-02 9.0820e-01 5.7709e-02 2.6733e-01 4.8682e-01
  3.8135e-01 7.6611e-01 5.5615e-01 4.5142e-01]
 [2.2083e-01 1.8359e-01 9.3262e-01 5.1562e-01 5.4590e-01 8.0518e-01
  2.0703e-01 9.7510e-01 2.3608e-01 1.9287e-01 9.3018e-02 9.6338e-01
  2.3694e-01 4.8706e-01 6.3037e-01 7.5000e-01]
 [8.1982e-01 5.3125e-01 9.7070e-01 8.5791e-01 9.5850e-01 2.1240e-01
  9.1357e-01 5.7275e-01 9.3311e-01 1.9971e-01 3.4595e-01 9.6729e-01
  2.9968e-02 2.6196e-01 7.7490e-01 9.5752e-01]
 [7.4463e-01 8.0811e-01 3.8770e-01 1.2610e-01 8.6475e-01 9.0479e-01
  2.0190e-01 1.1670e-01 9.2407e-02 4.4727e-01 7.6782e-02 4.1089e-01
  3.2666e-01 9.6631e-01 2.5732e-01 6.5332e-01]
 [1.9629e-01 3.9868e-01 7.1436e-01 8.8379e-01 4.5483e-01 7.4219e-01
  8.7988e-01 2.3071e-01 7.5244e-01 6.0889e-01 1.9373e-01 8.2617e-01
  5.8126e-04 6.7090e-01 9.4678e-01 1.7798e-01]]

Repeat count: 5
P: 16, L: 4, M: 16, N: 16
Mean cycle count: 344.075
