Command: /mnt/data/haocheng/my_wavel/WaferLLM/Shift/WSE-3/run_sim.sh 16 32 16 16
Exit code: 0
Runtime: 73.39 seconds
--------------------------------------------------------------------------------
P=16, L=32, M=16, N=16
Output directory: out_params/out_P16_L32_M16_N16
[34m[INFO][0m === Beginning compilation ===
[34m[INFO][0m Using SIF: /home/haocheng/cerebrassdk/cs_sdk/sdk-cbcore-202505230211-4-9382352f.sif
[34m[INFO][0m CSL_IMPORT_PATH is not set
[34m[INFO][0m CSL_IMPORT_PATH accepts colon separated list of paths generated by 'realpath <path>'
[34m[INFO][0m Compilation successful
[34m[INFO][0m === Calling container-hosted python ===
[34m[INFO][0m Using SIF: /home/haocheng/cerebrassdk/cs_sdk/sdk-cbcore-202505230211-4-9382352f.sif
Expected result:
[[0.6895  0.547   0.819   0.6665  0.2012  0.495   0.7666  0.2664  0.789
  0.574   0.869   0.3193  0.1234  0.8936  0.2954  0.5337 ]
 [0.09186 0.4207  0.2114  0.4695  0.3232  0.7183  0.2427  0.608   0.8765
  0.431   0.813   0.4932  0.3547  0.1511  0.894   0.607  ]
 [0.0847  0.9946  0.3506  0.1859  0.288   0.3767  0.57    0.947   0.4514
  0.06805 0.8296  0.7373  0.615   0.577   0.1625  0.4807 ]
 [0.3738  0.644   0.1718  0.4678  0.216   0.7764  0.9707  0.999   0.6387
  0.1907  0.4639  0.4077  0.373   0.3162  0.6196  0.583  ]
 [0.426   0.12415 0.5386  0.1857  0.936   0.3936  0.7554  0.0993  0.739
  0.9214  0.2358  0.7383  0.0902  0.892   0.944   0.1447 ]
 [0.379   0.793   0.4075  0.713   0.224   0.74    0.02306 0.4556  0.03702
  0.03754 0.798   0.8843  0.1963  0.3618  0.863   0.6606 ]
 [0.265   0.525   0.2644  0.5845  0.183   0.9214  0.6543  0.01134 0.09985
  0.5347  0.5015  0.6606  0.1039  0.534   0.5693  0.00406]
 [0.162   0.3347  0.669   0.2008  0.5825  0.1182  0.54    0.6265  0.7905
  0.8906  0.275   0.719   0.6104  0.9595  0.816   0.8203 ]
 [0.3896  0.723   0.6885  0.808   0.9062  0.0797  0.11444 0.562   0.9014
  0.9795  0.6006  0.5825  0.513   0.751   0.6016  0.988  ]
 [0.1418  0.763   0.72    0.3071  0.7764  0.2167  0.8203  0.3882  0.4133
  0.7266  0.1017  0.5625  0.9424  0.8574  0.4707  0.595  ]
 [0.3057  0.02112 0.2357  0.4756  0.776   0.9033  0.734   0.03784 0.3992
  0.0925  0.6113  0.1677  0.7437  0.2627  0.1587  0.2944 ]
 [0.9043  0.1768  0.1262  0.503   0.982   0.761   0.324   0.8057  0.2084
  0.7783  0.04724 0.85    0.10944 0.9854  0.4695  0.322  ]
 [0.4563  0.333   0.2886  0.4106  0.4329  0.8022  0.5103  0.577   0.381
  0.798   0.6436  0.04523 0.587   0.7544  0.999   0.575  ]
 [0.857   0.05023 0.625   0.297   0.513   0.02994 0.669   0.03174 0.5522
  0.1337  0.8115  0.8066  0.1697  0.7007  0.438   0.794  ]
 [0.361   0.4673  0.1622  0.3728  0.4253  0.753   0.4792  0.4907  0.854
  0.584   0.7354  0.364   0.7837  0.9316  0.10297 0.2239 ]
 [0.7524  0.0574  0.4058  0.5454  0.7993  0.8135  0.957   0.4624  0.3792
  0.766   0.5347  0.795   0.7944  0.5693  0.3013  0.11237]]
Actual result:
[[0.6895  0.547   0.819   0.6665  0.2012  0.495   0.7666  0.2664  0.789
  0.574   0.869   0.3193  0.1234  0.8936  0.2954  0.5337 ]
 [0.09186 0.4207  0.2114  0.4695  0.3232  0.7183  0.2427  0.608   0.8765
  0.431   0.813   0.4932  0.3547  0.1511  0.894   0.607  ]
 [0.0847  0.9946  0.3506  0.1859  0.288   0.3767  0.57    0.947   0.4514
  0.06805 0.8296  0.7373  0.615   0.577   0.1625  0.4807 ]
 [0.3738  0.644   0.1718  0.4678  0.216   0.7764  0.9707  0.999   0.6387
  0.1907  0.4639  0.4077  0.373   0.3162  0.6196  0.583  ]
 [0.426   0.12415 0.5386  0.1857  0.936   0.3936  0.7554  0.0993  0.739
  0.9214  0.2358  0.7383  0.0902  0.892   0.944   0.1447 ]
 [0.379   0.793   0.4075  0.713   0.224   0.74    0.02306 0.4556  0.03702
  0.03754 0.798   0.8843  0.1963  0.3618  0.863   0.6606 ]
 [0.265   0.525   0.2644  0.5845  0.183   0.9214  0.6543  0.01134 0.09985
  0.5347  0.5015  0.6606  0.1039  0.534   0.5693  0.00406]
 [0.162   0.3347  0.669   0.2008  0.5825  0.1182  0.54    0.6265  0.7905
  0.8906  0.275   0.719   0.6104  0.9595  0.816   0.8203 ]
 [0.3896  0.723   0.6885  0.808   0.9062  0.0797  0.11444 0.562   0.9014
  0.9795  0.6006  0.5825  0.513   0.751   0.6016  0.988  ]
 [0.1418  0.763   0.72    0.3071  0.7764  0.2167  0.8203  0.3882  0.4133
  0.7266  0.1017  0.5625  0.9424  0.8574  0.4707  0.595  ]
 [0.3057  0.02112 0.2357  0.4756  0.776   0.9033  0.734   0.03784 0.3992
  0.0925  0.6113  0.1677  0.7437  0.2627  0.1587  0.2944 ]
 [0.9043  0.1768  0.1262  0.503   0.982   0.761   0.324   0.8057  0.2084
  0.7783  0.04724 0.85    0.10944 0.9854  0.4695  0.322  ]
 [0.4563  0.333   0.2886  0.4106  0.4329  0.8022  0.5103  0.577   0.381
  0.798   0.6436  0.04523 0.587   0.7544  0.999   0.575  ]
 [0.857   0.05023 0.625   0.297   0.513   0.02994 0.669   0.03174 0.5522
  0.1337  0.8115  0.8066  0.1697  0.7007  0.438   0.794  ]
 [0.361   0.4673  0.1622  0.3728  0.4253  0.753   0.4792  0.4907  0.854
  0.584   0.7354  0.364   0.7837  0.9316  0.10297 0.2239 ]
 [0.7524  0.0574  0.4058  0.5454  0.7993  0.8135  0.957   0.4624  0.3792
  0.766   0.5347  0.795   0.7944  0.5693  0.3013  0.11237]]

Repeat count: 5
P: 16, L: 32, M: 16, N: 16
Mean cycle count: 2182.1625
