Command: /mnt/data/haocheng/my_wavel/WaferLLM/Shift/WSE-3/run_sim.sh 16 1 16 16
Exit code: 0
Runtime: 39.85 seconds
--------------------------------------------------------------------------------
P=16, L=1, M=16, N=16
Output directory: out_params/out_P16_L1_M16_N16
[34m[INFO][0m === Beginning compilation ===
[34m[INFO][0m Using SIF: /home/haocheng/cerebrassdk/cs_sdk/sdk-cbcore-202505230211-4-9382352f.sif
[34m[INFO][0m CSL_IMPORT_PATH is not set
[34m[INFO][0m CSL_IMPORT_PATH accepts colon separated list of paths generated by 'realpath <path>'
[34m[INFO][0m Compilation successful
[34m[INFO][0m === Calling container-hosted python ===
[34m[INFO][0m Using SIF: /home/haocheng/cerebrassdk/cs_sdk/sdk-cbcore-202505230211-4-9382352f.sif
Expected result:
[[0.3352   0.0866   0.4224   0.4111   0.1725   0.2313   0.5005   0.8867
  0.997    0.7715   0.1536   0.0741   0.684    0.9824   0.273    0.3042  ]
 [0.3342   0.283    0.7686   0.762    0.1681   0.706    0.8203   0.0745
  0.9873   0.557    0.06384  0.6167   0.9375   0.8223   0.856    0.364   ]
 [0.2964   0.5464   0.496    0.3062   0.3142   0.12164  0.881    0.002428
  0.9907   0.6387   0.07007  0.9355   0.827    0.8115   0.01582  0.9688  ]
 [0.1071   0.607    0.63     0.539    0.6406   0.9033   0.6855   0.4297
  0.8477   0.3267   0.12195  0.739    0.7505   0.1531   0.175    0.6714  ]
 [0.355    0.1993   0.568    0.7666   0.9414   0.765    0.4707   0.1573
  0.76     0.1229   0.994    0.7495   0.1353   0.4102   0.4148   0.1033  ]
 [0.806    0.2291   0.8057   0.142    0.579    0.748    0.2299   0.1785
  0.04282  0.585    0.8335   0.757    0.4539   0.853    0.757    0.51    ]
 [0.633    0.3286   0.475    0.456    0.934    0.2544   0.4072   0.576
  0.1105   0.2151   0.974    0.4814   0.1697   0.277    0.1868   0.2333  ]
 [0.423    0.4648   0.117    0.4744   0.8525   0.549    0.895    0.8687
  0.999    0.004246 0.8916   0.1992   0.6143   0.8433   0.1764   0.7686  ]
 [0.636    0.08136  0.8984   0.5845   0.6504   0.1855   0.5596   0.3743
  0.5615   0.703    0.8184   0.05112  0.2374   0.982    0.8013   0.684   ]
 [0.1852   0.696    0.3982   0.258    0.287    0.4539   0.09064  0.06946
  0.0859   0.533    0.1306   0.855    0.8203   0.2137   0.5103   0.0936  ]
 [0.625    0.9893   0.006397 0.2617   0.3135   0.02907  0.09644  0.3098
  0.5215   0.8286   0.824    0.3975   0.935    0.838    0.1638   0.89    ]
 [0.9746   0.533    0.845    0.974    0.343    0.918    0.5903   0.601
  0.733    0.854    0.3071   0.08185  0.242    0.7427   0.2035   0.202   ]
 [0.907    0.4685   0.2441   0.2695   0.4504   0.893    0.08624  0.8853
  0.3423   0.843    0.07135  0.2344   0.3628   0.1598   0.466    0.2229  ]
 [0.2903   0.2258   0.803    0.4128   0.8916   0.732    0.1852   0.4302
  0.7144   0.377    0.794    0.733    0.9517   0.008896 0.867    0.316   ]
 [0.4277   0.4326   0.2617   0.776    0.1339   0.1478   0.4175   0.7173
  0.773    0.4792   0.5083   0.875    0.0769   0.4143   0.03983  0.4722  ]
 [0.2334   0.956    0.891    0.4326   0.04227  0.2297   0.7812   0.6973
  0.0322   0.302    0.1984   0.0748   0.6323   0.815    0.914    0.2952  ]]
Actual result:
[[0.3352   0.0866   0.4224   0.4111   0.1725   0.2313   0.5005   0.8867
  0.997    0.7715   0.1536   0.0741   0.684    0.9824   0.273    0.3042  ]
 [0.3342   0.283    0.7686   0.762    0.1681   0.706    0.8203   0.0745
  0.9873   0.557    0.06384  0.6167   0.9375   0.8223   0.856    0.364   ]
 [0.2964   0.5464   0.496    0.3062   0.3142   0.12164  0.881    0.002428
  0.9907   0.6387   0.07007  0.9355   0.827    0.8115   0.01582  0.9688  ]
 [0.1071   0.607    0.63     0.539    0.6406   0.9033   0.6855   0.4297
  0.8477   0.3267   0.12195  0.739    0.7505   0.1531   0.175    0.6714  ]
 [0.355    0.1993   0.568    0.7666   0.9414   0.765    0.4707   0.1573
  0.76     0.1229   0.994    0.7495   0.1353   0.4102   0.4148   0.1033  ]
 [0.806    0.2291   0.8057   0.142    0.579    0.748    0.2299   0.1785
  0.04282  0.585    0.8335   0.757    0.4539   0.853    0.757    0.51    ]
 [0.633    0.3286   0.475    0.456    0.934    0.2544   0.4072   0.576
  0.1105   0.2151   0.974    0.4814   0.1697   0.277    0.1868   0.2333  ]
 [0.423    0.4648   0.117    0.4744   0.8525   0.549    0.895    0.8687
  0.999    0.004246 0.8916   0.1992   0.6143   0.8433   0.1764   0.7686  ]
 [0.636    0.08136  0.8984   0.5845   0.6504   0.1855   0.5596   0.3743
  0.5615   0.703    0.8184   0.05112  0.2374   0.982    0.8013   0.684   ]
 [0.1852   0.696    0.3982   0.258    0.287    0.4539   0.09064  0.06946
  0.0859   0.533    0.1306   0.855    0.8203   0.2137   0.5103   0.0936  ]
 [0.625    0.9893   0.006397 0.2617   0.3135   0.02907  0.09644  0.3098
  0.5215   0.8286   0.824    0.3975   0.935    0.838    0.1638   0.89    ]
 [0.9746   0.533    0.845    0.974    0.343    0.918    0.5903   0.601
  0.733    0.854    0.3071   0.08185  0.242    0.7427   0.2035   0.202   ]
 [0.907    0.4685   0.2441   0.2695   0.4504   0.893    0.08624  0.8853
  0.3423   0.843    0.07135  0.2344   0.3628   0.1598   0.466    0.2229  ]
 [0.2903   0.2258   0.803    0.4128   0.8916   0.732    0.1852   0.4302
  0.7144   0.377    0.794    0.733    0.9517   0.008896 0.867    0.316   ]
 [0.4277   0.4326   0.2617   0.776    0.1339   0.1478   0.4175   0.7173
  0.773    0.4792   0.5083   0.875    0.0769   0.4143   0.03983  0.4722  ]
 [0.2334   0.956    0.891    0.4326   0.04227  0.2297   0.7812   0.6973
  0.0322   0.302    0.1984   0.0748   0.6323   0.815    0.914    0.2952  ]]

Repeat count: 5
P: 16, L: 1, M: 16, N: 16
Mean cycle count: 117.5125
