# Auto-generated parameter sets (WSE mode)
# P range: 16 to 730 (step: 64)
# M, N: For each P, iterate through P, 2P, 3P, 8P
# group_num: 8 (single value)
# Format: P M N group_num
# MeshGEMV computes [1,N] = [1,M] @ [M,N] on P×P PE grid with group_num groups
#
16 16 16 8
16 16 32 8
16 16 48 8
16 16 128 8
16 32 16 8
16 32 32 8
16 32 48 8
16 32 128 8
16 48 16 8
16 48 32 8
16 48 48 8
16 48 128 8
16 128 16 8
16 128 32 8
16 128 48 8
16 128 128 8
80 80 80 8
80 80 160 8
80 80 240 8
80 80 640 8
80 160 80 8
80 160 160 8
80 160 240 8
80 160 640 8
80 240 80 8
80 240 160 8
80 240 240 8
80 240 640 8
80 640 80 8
80 640 160 8
80 640 240 8
80 640 640 8
144 144 144 8
144 144 288 8
144 144 432 8
144 144 1152 8
144 288 144 8
144 288 288 8
144 288 432 8
144 288 1152 8
144 432 144 8
144 432 288 8
144 432 432 8
144 432 1152 8
144 1152 144 8
144 1152 288 8
144 1152 432 8
144 1152 1152 8
208 208 208 8
208 208 416 8
208 208 624 8
208 208 1664 8
208 416 208 8
208 416 416 8
208 416 624 8
208 416 1664 8
208 624 208 8
208 624 416 8
208 624 624 8
208 624 1664 8
208 1664 208 8
208 1664 416 8
208 1664 624 8
208 1664 1664 8
272 272 272 8
272 272 544 8
272 272 816 8
272 272 2176 8
272 544 272 8
272 544 544 8
272 544 816 8
272 544 2176 8
272 816 272 8
272 816 544 8
272 816 816 8
272 816 2176 8
272 2176 272 8
272 2176 544 8
272 2176 816 8
272 2176 2176 8
336 336 336 8
336 336 672 8
336 336 1008 8
336 336 2688 8
336 672 336 8
336 672 672 8
336 672 1008 8
336 672 2688 8
336 1008 336 8
336 1008 672 8
336 1008 1008 8
336 1008 2688 8
336 2688 336 8
336 2688 672 8
336 2688 1008 8
336 2688 2688 8
400 400 400 8
400 400 800 8
400 400 1200 8
400 400 3200 8
400 800 400 8
400 800 800 8
400 800 1200 8
400 800 3200 8
400 1200 400 8
400 1200 800 8
400 1200 1200 8
400 1200 3200 8
400 3200 400 8
400 3200 800 8
400 3200 1200 8
400 3200 3200 8
464 464 464 8
464 464 928 8
464 464 1392 8
464 464 3712 8
464 928 464 8
464 928 928 8
464 928 1392 8
464 928 3712 8
464 1392 464 8
464 1392 928 8
464 1392 1392 8
464 1392 3712 8
464 3712 464 8
464 3712 928 8
464 3712 1392 8
464 3712 3712 8
528 528 528 8
528 528 1056 8
528 528 1584 8
528 528 4224 8
528 1056 528 8
528 1056 1056 8
528 1056 1584 8
528 1056 4224 8
528 1584 528 8
528 1584 1056 8
528 1584 1584 8
528 1584 4224 8
528 4224 528 8
528 4224 1056 8
528 4224 1584 8
528 4224 4224 8
592 592 592 8
592 592 1184 8
592 592 1776 8
592 592 4736 8
592 1184 592 8
592 1184 1184 8
592 1184 1776 8
592 1184 4736 8
592 1776 592 8
592 1776 1184 8
592 1776 1776 8
592 1776 4736 8
592 4736 592 8
592 4736 1184 8
592 4736 1776 8
592 4736 4736 8
656 656 656 8
656 656 1312 8
656 656 1968 8
656 656 5248 8
656 1312 656 8
656 1312 1312 8
656 1312 1968 8
656 1312 5248 8
656 1968 656 8
656 1968 1312 8
656 1968 1968 8
656 1968 5248 8
656 5248 656 8
656 5248 1312 8
656 5248 1968 8
656 5248 5248 8
720 720 720 8
720 720 1440 8
720 720 2160 8
720 720 5760 8
720 1440 720 8
720 1440 1440 8
720 1440 2160 8
720 1440 5760 8
720 2160 720 8
720 2160 1440 8
720 2160 2160 8
720 2160 5760 8
720 5760 720 8
720 5760 1440 8
720 5760 2160 8
720 5760 5760 8
