# Auto-generated parameter sets (WSE mode)
# P range: 16 to 730 (step: 64)
# M, K, N: For each P, iterate through P, 2P, 3P, 8P
# Format: P M K N
# MeshGEMM computes [M,N] = [M,K] @ [K,N] on P×P PE grid
#
16 16 16 16
16 16 16 32
16 16 16 48
16 16 16 128
16 16 32 16
16 16 32 32
16 16 32 48
16 16 32 128
16 16 48 16
16 16 48 32
16 16 48 48
16 16 48 128
16 16 128 16
16 16 128 32
16 16 128 48
16 16 128 128
16 32 16 16
16 32 16 32
16 32 16 48
16 32 16 128
16 32 32 16
16 32 32 32
16 32 32 48
16 32 32 128
16 32 48 16
16 32 48 32
16 32 48 48
16 32 48 128
16 32 128 16
16 32 128 32
16 32 128 48
16 32 128 128
16 48 16 16
16 48 16 32
16 48 16 48
16 48 16 128
16 48 32 16
16 48 32 32
16 48 32 48
16 48 32 128
16 48 48 16
16 48 48 32
16 48 48 48
16 48 48 128
16 48 128 16
16 48 128 32
16 48 128 48
16 48 128 128
16 128 16 16
16 128 16 32
16 128 16 48
16 128 16 128
16 128 32 16
16 128 32 32
16 128 32 48
16 128 32 128
16 128 48 16
16 128 48 32
16 128 48 48
16 128 48 128
16 128 128 16
16 128 128 32
16 128 128 48
16 128 128 128
80 80 80 80
80 80 80 160
80 80 80 240
80 80 80 640
80 80 160 80
80 80 160 160
80 80 160 240
80 80 160 640
80 80 240 80
80 80 240 160
80 80 240 240
80 80 240 640
80 80 640 80
80 80 640 160
80 80 640 240
80 80 640 640
80 160 80 80
80 160 80 160
80 160 80 240
80 160 80 640
80 160 160 80
80 160 160 160
80 160 160 240
80 160 160 640
80 160 240 80
80 160 240 160
80 160 240 240
80 160 240 640
80 160 640 80
80 160 640 160
80 160 640 240
80 160 640 640
80 240 80 80
80 240 80 160
80 240 80 240
80 240 80 640
80 240 160 80
80 240 160 160
80 240 160 240
80 240 160 640
80 240 240 80
80 240 240 160
80 240 240 240
80 240 240 640
80 240 640 80
80 240 640 160
80 240 640 240
80 240 640 640
80 640 80 80
80 640 80 160
80 640 80 240
80 640 80 640
80 640 160 80
80 640 160 160
80 640 160 240
80 640 160 640
80 640 240 80
80 640 240 160
80 640 240 240
80 640 240 640
80 640 640 80
80 640 640 160
80 640 640 240
80 640 640 640
144 144 144 144
144 144 144 288
144 144 144 432
144 144 144 1152
144 144 288 144
144 144 288 288
144 144 288 432
144 144 288 1152
144 144 432 144
144 144 432 288
144 144 432 432
144 144 432 1152
144 144 1152 144
144 144 1152 288
144 144 1152 432
144 144 1152 1152
144 288 144 144
144 288 144 288
144 288 144 432
144 288 144 1152
144 288 288 144
144 288 288 288
144 288 288 432
144 288 288 1152
144 288 432 144
144 288 432 288
144 288 432 432
144 288 432 1152
144 288 1152 144
144 288 1152 288
144 288 1152 432
144 288 1152 1152
144 432 144 144
144 432 144 288
144 432 144 432
144 432 144 1152
144 432 288 144
144 432 288 288
144 432 288 432
144 432 288 1152
144 432 432 144
144 432 432 288
144 432 432 432
144 432 432 1152
144 432 1152 144
144 432 1152 288
144 432 1152 432
144 432 1152 1152
144 1152 144 144
144 1152 144 288
144 1152 144 432
144 1152 144 1152
144 1152 288 144
144 1152 288 288
144 1152 288 432
144 1152 288 1152
144 1152 432 144
144 1152 432 288
144 1152 432 432
144 1152 432 1152
144 1152 1152 144
144 1152 1152 288
144 1152 1152 432
144 1152 1152 1152
208 208 208 208
208 208 208 416
208 208 208 624
208 208 208 1664
208 208 416 208
208 208 416 416
208 208 416 624
208 208 416 1664
208 208 624 208
208 208 624 416
208 208 624 624
208 208 624 1664
208 208 1664 208
208 208 1664 416
208 208 1664 624
208 208 1664 1664
208 416 208 208
208 416 208 416
208 416 208 624
208 416 208 1664
208 416 416 208
208 416 416 416
208 416 416 624
208 416 416 1664
208 416 624 208
208 416 624 416
208 416 624 624
208 416 624 1664
208 416 1664 208
208 416 1664 416
208 416 1664 624
208 416 1664 1664
208 624 208 208
208 624 208 416
208 624 208 624
208 624 208 1664
208 624 416 208
208 624 416 416
208 624 416 624
208 624 416 1664
208 624 624 208
208 624 624 416
208 624 624 624
208 624 624 1664
208 624 1664 208
208 624 1664 416
208 624 1664 624
208 624 1664 1664
208 1664 208 208
208 1664 208 416
208 1664 208 624
208 1664 208 1664
208 1664 416 208
208 1664 416 416
208 1664 416 624
208 1664 416 1664
208 1664 624 208
208 1664 624 416
208 1664 624 624
208 1664 624 1664
208 1664 1664 208
208 1664 1664 416
208 1664 1664 624
208 1664 1664 1664
272 272 272 272
272 272 272 544
272 272 272 816
272 272 272 2176
272 272 544 272
272 272 544 544
272 272 544 816
272 272 544 2176
272 272 816 272
272 272 816 544
272 272 816 816
272 272 816 2176
272 272 2176 272
272 272 2176 544
272 272 2176 816
272 272 2176 2176
272 544 272 272
272 544 272 544
272 544 272 816
272 544 272 2176
272 544 544 272
272 544 544 544
272 544 544 816
272 544 544 2176
272 544 816 272
272 544 816 544
272 544 816 816
272 544 816 2176
272 544 2176 272
272 544 2176 544
272 544 2176 816
272 544 2176 2176
272 816 272 272
272 816 272 544
272 816 272 816
272 816 272 2176
272 816 544 272
272 816 544 544
272 816 544 816
272 816 544 2176
272 816 816 272
272 816 816 544
272 816 816 816
272 816 816 2176
272 816 2176 272
272 816 2176 544
272 816 2176 816
272 816 2176 2176
272 2176 272 272
272 2176 272 544
272 2176 272 816
272 2176 272 2176
272 2176 544 272
272 2176 544 544
272 2176 544 816
272 2176 544 2176
272 2176 816 272
272 2176 816 544
272 2176 816 816
272 2176 816 2176
272 2176 2176 272
272 2176 2176 544
272 2176 2176 816
272 2176 2176 2176
336 336 336 336
336 336 336 672
336 336 336 1008
336 336 336 2688
336 336 672 336
336 336 672 672
336 336 672 1008
336 336 672 2688
336 336 1008 336
336 336 1008 672
336 336 1008 1008
336 336 1008 2688
336 336 2688 336
336 336 2688 672
336 336 2688 1008
336 336 2688 2688
336 672 336 336
336 672 336 672
336 672 336 1008
336 672 336 2688
336 672 672 336
336 672 672 672
336 672 672 1008
336 672 672 2688
336 672 1008 336
336 672 1008 672
336 672 1008 1008
336 672 1008 2688
336 672 2688 336
336 672 2688 672
336 672 2688 1008
336 672 2688 2688
336 1008 336 336
336 1008 336 672
336 1008 336 1008
336 1008 336 2688
336 1008 672 336
336 1008 672 672
336 1008 672 1008
336 1008 672 2688
336 1008 1008 336
336 1008 1008 672
336 1008 1008 1008
336 1008 1008 2688
336 1008 2688 336
336 1008 2688 672
336 1008 2688 1008
336 1008 2688 2688
336 2688 336 336
336 2688 336 672
336 2688 336 1008
336 2688 336 2688
336 2688 672 336
336 2688 672 672
336 2688 672 1008
336 2688 672 2688
336 2688 1008 336
336 2688 1008 672
336 2688 1008 1008
336 2688 1008 2688
336 2688 2688 336
336 2688 2688 672
336 2688 2688 1008
336 2688 2688 2688
400 400 400 400
400 400 400 800
400 400 400 1200
400 400 400 3200
400 400 800 400
400 400 800 800
400 400 800 1200
400 400 800 3200
400 400 1200 400
400 400 1200 800
400 400 1200 1200
400 400 1200 3200
400 400 3200 400
400 400 3200 800
400 400 3200 1200
400 400 3200 3200
400 800 400 400
400 800 400 800
400 800 400 1200
400 800 400 3200
400 800 800 400
400 800 800 800
400 800 800 1200
400 800 800 3200
400 800 1200 400
400 800 1200 800
400 800 1200 1200
400 800 1200 3200
400 800 3200 400
400 800 3200 800
400 800 3200 1200
400 800 3200 3200
400 1200 400 400
400 1200 400 800
400 1200 400 1200
400 1200 400 3200
400 1200 800 400
400 1200 800 800
400 1200 800 1200
400 1200 800 3200
400 1200 1200 400
400 1200 1200 800
400 1200 1200 1200
400 1200 1200 3200
400 1200 3200 400
400 1200 3200 800
400 1200 3200 1200
400 1200 3200 3200
400 3200 400 400
400 3200 400 800
400 3200 400 1200
400 3200 400 3200
400 3200 800 400
400 3200 800 800
400 3200 800 1200
400 3200 800 3200
400 3200 1200 400
400 3200 1200 800
400 3200 1200 1200
400 3200 1200 3200
400 3200 3200 400
400 3200 3200 800
400 3200 3200 1200
400 3200 3200 3200
464 464 464 464
464 464 464 928
464 464 464 1392
464 464 464 3712
464 464 928 464
464 464 928 928
464 464 928 1392
464 464 928 3712
464 464 1392 464
464 464 1392 928
464 464 1392 1392
464 464 1392 3712
464 464 3712 464
464 464 3712 928
464 464 3712 1392
464 464 3712 3712
464 928 464 464
464 928 464 928
464 928 464 1392
464 928 464 3712
464 928 928 464
464 928 928 928
464 928 928 1392
464 928 928 3712
464 928 1392 464
464 928 1392 928
464 928 1392 1392
464 928 1392 3712
464 928 3712 464
464 928 3712 928
464 928 3712 1392
464 928 3712 3712
464 1392 464 464
464 1392 464 928
464 1392 464 1392
464 1392 464 3712
464 1392 928 464
464 1392 928 928
464 1392 928 1392
464 1392 928 3712
464 1392 1392 464
464 1392 1392 928
464 1392 1392 1392
464 1392 1392 3712
464 1392 3712 464
464 1392 3712 928
464 1392 3712 1392
464 1392 3712 3712
464 3712 464 464
464 3712 464 928
464 3712 464 1392
464 3712 464 3712
464 3712 928 464
464 3712 928 928
464 3712 928 1392
464 3712 928 3712
464 3712 1392 464
464 3712 1392 928
464 3712 1392 1392
464 3712 1392 3712
464 3712 3712 464
464 3712 3712 928
464 3712 3712 1392
464 3712 3712 3712
528 528 528 528
528 528 528 1056
528 528 528 1584
528 528 528 4224
528 528 1056 528
528 528 1056 1056
528 528 1056 1584
528 528 1056 4224
528 528 1584 528
528 528 1584 1056
528 528 1584 1584
528 528 1584 4224
528 528 4224 528
528 528 4224 1056
528 528 4224 1584
528 528 4224 4224
528 1056 528 528
528 1056 528 1056
528 1056 528 1584
528 1056 528 4224
528 1056 1056 528
528 1056 1056 1056
528 1056 1056 1584
528 1056 1056 4224
528 1056 1584 528
528 1056 1584 1056
528 1056 1584 1584
528 1056 1584 4224
528 1056 4224 528
528 1056 4224 1056
528 1056 4224 1584
528 1056 4224 4224
528 1584 528 528
528 1584 528 1056
528 1584 528 1584
528 1584 528 4224
528 1584 1056 528
528 1584 1056 1056
528 1584 1056 1584
528 1584 1056 4224
528 1584 1584 528
528 1584 1584 1056
528 1584 1584 1584
528 1584 1584 4224
528 1584 4224 528
528 1584 4224 1056
528 1584 4224 1584
528 1584 4224 4224
528 4224 528 528
528 4224 528 1056
528 4224 528 1584
528 4224 528 4224
528 4224 1056 528
528 4224 1056 1056
528 4224 1056 1584
528 4224 1056 4224
528 4224 1584 528
528 4224 1584 1056
528 4224 1584 1584
528 4224 1584 4224
528 4224 4224 528
528 4224 4224 1056
528 4224 4224 1584
528 4224 4224 4224
592 592 592 592
592 592 592 1184
592 592 592 1776
592 592 592 4736
592 592 1184 592
592 592 1184 1184
592 592 1184 1776
592 592 1184 4736
592 592 1776 592
592 592 1776 1184
592 592 1776 1776
592 592 1776 4736
592 592 4736 592
592 592 4736 1184
592 592 4736 1776
592 592 4736 4736
592 1184 592 592
592 1184 592 1184
592 1184 592 1776
592 1184 592 4736
592 1184 1184 592
592 1184 1184 1184
592 1184 1184 1776
592 1184 1184 4736
592 1184 1776 592
592 1184 1776 1184
592 1184 1776 1776
592 1184 1776 4736
592 1184 4736 592
592 1184 4736 1184
592 1184 4736 1776
592 1184 4736 4736
592 1776 592 592
592 1776 592 1184
592 1776 592 1776
592 1776 592 4736
592 1776 1184 592
592 1776 1184 1184
592 1776 1184 1776
592 1776 1184 4736
592 1776 1776 592
592 1776 1776 1184
592 1776 1776 1776
592 1776 1776 4736
592 1776 4736 592
592 1776 4736 1184
592 1776 4736 1776
592 1776 4736 4736
592 4736 592 592
592 4736 592 1184
592 4736 592 1776
592 4736 592 4736
592 4736 1184 592
592 4736 1184 1184
592 4736 1184 1776
592 4736 1184 4736
592 4736 1776 592
592 4736 1776 1184
592 4736 1776 1776
592 4736 1776 4736
592 4736 4736 592
592 4736 4736 1184
592 4736 4736 1776
592 4736 4736 4736
656 656 656 656
656 656 656 1312
656 656 656 1968
656 656 656 5248
656 656 1312 656
656 656 1312 1312
656 656 1312 1968
656 656 1312 5248
656 656 1968 656
656 656 1968 1312
656 656 1968 1968
656 656 1968 5248
656 656 5248 656
656 656 5248 1312
656 656 5248 1968
656 656 5248 5248
656 1312 656 656
656 1312 656 1312
656 1312 656 1968
656 1312 656 5248
656 1312 1312 656
656 1312 1312 1312
656 1312 1312 1968
656 1312 1312 5248
656 1312 1968 656
656 1312 1968 1312
656 1312 1968 1968
656 1312 1968 5248
656 1312 5248 656
656 1312 5248 1312
656 1312 5248 1968
656 1312 5248 5248
656 1968 656 656
656 1968 656 1312
656 1968 656 1968
656 1968 656 5248
656 1968 1312 656
656 1968 1312 1312
656 1968 1312 1968
656 1968 1312 5248
656 1968 1968 656
656 1968 1968 1312
656 1968 1968 1968
656 1968 1968 5248
656 1968 5248 656
656 1968 5248 1312
656 1968 5248 1968
656 1968 5248 5248
656 5248 656 656
656 5248 656 1312
656 5248 656 1968
656 5248 656 5248
656 5248 1312 656
656 5248 1312 1312
656 5248 1312 1968
656 5248 1312 5248
656 5248 1968 656
656 5248 1968 1312
656 5248 1968 1968
656 5248 1968 5248
656 5248 5248 656
656 5248 5248 1312
656 5248 5248 1968
656 5248 5248 5248
720 720 720 720
720 720 720 1440
720 720 720 2160
720 720 720 5760
720 720 1440 720
720 720 1440 1440
720 720 1440 2160
720 720 1440 5760
720 720 2160 720
720 720 2160 1440
720 720 2160 2160
720 720 2160 5760
720 720 5760 720
720 720 5760 1440
720 720 5760 2160
720 720 5760 5760
720 1440 720 720
720 1440 720 1440
720 1440 720 2160
720 1440 720 5760
720 1440 1440 720
720 1440 1440 1440
720 1440 1440 2160
720 1440 1440 5760
720 1440 2160 720
720 1440 2160 1440
720 1440 2160 2160
720 1440 2160 5760
720 1440 5760 720
720 1440 5760 1440
720 1440 5760 2160
720 1440 5760 5760
720 2160 720 720
720 2160 720 1440
720 2160 720 2160
720 2160 720 5760
720 2160 1440 720
720 2160 1440 1440
720 2160 1440 2160
720 2160 1440 5760
720 2160 2160 720
720 2160 2160 1440
720 2160 2160 2160
720 2160 2160 5760
720 2160 5760 720
720 2160 5760 1440
720 2160 5760 2160
720 2160 5760 5760
720 5760 720 720
720 5760 720 1440
720 5760 720 2160
720 5760 720 5760
720 5760 1440 720
720 5760 1440 1440
720 5760 1440 2160
720 5760 1440 5760
720 5760 2160 720
720 5760 2160 1440
720 5760 2160 2160
720 5760 2160 5760
720 5760 5760 720
720 5760 5760 1440
720 5760 5760 2160
720 5760 5760 5760
