Command: /mnt/data/haocheng/my_wavel/WaferLLM/Shift/WSE-3/run_sim.sh 16 16 16 16
Exit code: 0
--------------------------------------------------------------------------------
P=16, L=16, M=16, N=16
Output directory: out_params/out_P16_L16_M16_N16
[34m[INFO][0m === Beginning compilation ===
[34m[INFO][0m Using SIF: /home/haocheng/cerebrassdk/cs_sdk/sdk-cbcore-202505230211-4-9382352f.sif
[34m[INFO][0m CSL_IMPORT_PATH is not set
[34m[INFO][0m CSL_IMPORT_PATH accepts colon separated list of paths generated by 'realpath <path>'
[34m[INFO][0m Compilation successful
[34m[INFO][0m === Calling container-hosted python ===
[34m[INFO][0m Using SIF: /home/haocheng/cerebrassdk/cs_sdk/sdk-cbcore-202505230211-4-9382352f.sif
Expected result:
[[0.402    0.783    0.046    0.701    0.346    0.565    0.1109   0.6626
  0.9624   0.6367   0.3438   0.5186   0.348    0.7163   0.00961  0.6846  ]
 [0.2676   0.3525   0.813    0.07336  0.599    0.8125   0.9155   0.2147
  0.997    0.0567   0.605    0.2603   0.6113   0.592    0.27     0.8735  ]
 [0.847    0.718    0.003254 0.93     0.0725   0.727    0.2264   0.1995
  0.00825  0.715    0.8613   0.3914   0.5044   0.5396   0.571    0.1117  ]
 [0.7324   0.757    0.965    0.259    0.04742  0.5767   0.4397   0.6196
  0.2808   0.1884   0.3235   0.8984   0.10425  0.7837   0.3323   0.4746  ]
 [0.69     0.5625   0.1902   0.3901   0.5176   0.4111   0.9883   0.1326
  0.608    0.1271   0.4373   0.5864   0.2457   0.4033   0.635    0.6064  ]
 [0.0782   0.05225  0.4275   0.931    0.8223   0.3503   0.827    0.0094
  0.6436   0.84     0.8066   0.4602   0.6216   0.9253   0.85     0.568   ]
 [0.44     0.02577  0.451    0.9287   0.533    0.0896   0.9175   0.6523
  0.1906   0.5938   0.7075   0.99     0.6294   0.411    0.8374   0.7295  ]
 [0.923    0.6006   0.841    0.5146   0.547    0.2122   0.4578   0.1847
  0.519    0.2385   0.1578   0.698    0.953    0.3079   0.04333  0.903   ]
 [0.0966   0.7056   0.36     0.549    0.671    0.2954   0.6934   0.2247
  0.358    0.6206   0.7314   0.9795   0.9565   0.02312  0.494    0.1658  ]
 [0.01651  0.8574   0.9287   0.4922   0.3948   0.714    0.0807   0.5303
  0.543    0.337    0.5723   0.522    0.3464   0.35     0.3044   0.743   ]
 [0.4019   0.7427   0.2463   0.832    0.652    0.8013   0.4841   0.4185
  0.9517   0.5767   0.561    0.647    0.9575   0.809    0.665    0.4807  ]
 [0.811    0.149    0.6      0.5405   0.176    0.373    0.5435   0.639
  0.508    0.03214  0.8315   0.0995   0.04242  0.6675   0.2952   0.6177  ]
 [0.6436   0.1197   0.6104   0.007263 0.4575   0.2482   0.5767   0.9478
  0.562    0.4248   0.503    0.4      0.5654   0.3958   0.2367   0.01213 ]
 [0.8257   0.6562   0.6343   0.923    0.445    0.784    0.999    0.629
  0.414    0.05612  0.4438   0.3428   0.187    0.273    0.2391   0.2747  ]
 [0.6045   0.002865 0.2131   0.5225   0.8354   0.571    0.716    0.9546
  0.817    0.673    0.688    0.4807   0.6396   0.958    0.3357   0.4153  ]
 [0.998    0.1703   0.7617   0.4497   0.6396   0.4497   0.842    0.7803
  0.576    0.6406   0.1774   0.2966   0.6064   0.855    0.006798 0.3884  ]]
Actual result:
[[0.402    0.783    0.046    0.701    0.346    0.565    0.1109   0.6626
  0.9624   0.6367   0.3438   0.5186   0.348    0.7163   0.00961  0.6846  ]
 [0.2676   0.3525   0.813    0.07336  0.599    0.8125   0.9155   0.2147
  0.997    0.0567   0.605    0.2603   0.6113   0.592    0.27     0.8735  ]
 [0.847    0.718    0.003254 0.93     0.0725   0.727    0.2264   0.1995
  0.00825  0.715    0.8613   0.3914   0.5044   0.5396   0.571    0.1117  ]
 [0.7324   0.757    0.965    0.259    0.04742  0.5767   0.4397   0.6196
  0.2808   0.1884   0.3235   0.8984   0.10425  0.7837   0.3323   0.4746  ]
 [0.69     0.5625   0.1902   0.3901   0.5176   0.4111   0.9883   0.1326
  0.608    0.1271   0.4373   0.5864   0.2457   0.4033   0.635    0.6064  ]
 [0.0782   0.05225  0.4275   0.931    0.8223   0.3503   0.827    0.0094
  0.6436   0.84     0.8066   0.4602   0.6216   0.9253   0.85     0.568   ]
 [0.44     0.02577  0.451    0.9287   0.533    0.0896   0.9175   0.6523
  0.1906   0.5938   0.7075   0.99     0.6294   0.411    0.8374   0.7295  ]
 [0.923    0.6006   0.841    0.5146   0.547    0.2122   0.4578   0.1847
  0.519    0.2385   0.1578   0.698    0.953    0.3079   0.04333  0.903   ]
 [0.0966   0.7056   0.36     0.549    0.671    0.2954   0.6934   0.2247
  0.358    0.6206   0.7314   0.9795   0.9565   0.02312  0.494    0.1658  ]
 [0.01651  0.8574   0.9287   0.4922   0.3948   0.714    0.0807   0.5303
  0.543    0.337    0.5723   0.522    0.3464   0.35     0.3044   0.743   ]
 [0.4019   0.7427   0.2463   0.832    0.652    0.8013   0.4841   0.4185
  0.9517   0.5767   0.561    0.647    0.9575   0.809    0.665    0.4807  ]
 [0.811    0.149    0.6      0.5405   0.176    0.373    0.5435   0.639
  0.508    0.03214  0.8315   0.0995   0.04242  0.6675   0.2952   0.6177  ]
 [0.6436   0.1197   0.6104   0.007263 0.4575   0.2482   0.5767   0.9478
  0.562    0.4248   0.503    0.4      0.5654   0.3958   0.2367   0.01213 ]
 [0.8257   0.6562   0.6343   0.923    0.445    0.784    0.999    0.629
  0.414    0.05612  0.4438   0.3428   0.187    0.273    0.2391   0.2747  ]
 [0.6045   0.002865 0.2131   0.5225   0.8354   0.571    0.716    0.9546
  0.817    0.673    0.688    0.4807   0.6396   0.958    0.3357   0.4153  ]
 [0.998    0.1703   0.7617   0.4497   0.6396   0.4497   0.842    0.7803
  0.576    0.6406   0.1774   0.2966   0.6064   0.855    0.006798 0.3884  ]]

Repeat count: 5
P: 16, L: 16, M: 16, N: 16
Mean cycle count: 1170.9625
