Command: /mnt/data/haocheng/my_wavel/WaferLLM/Shift/WSE-3/run_sim.sh 16 8 16 16
Exit code: 0
Runtime: 22.23 seconds
--------------------------------------------------------------------------------
P=16, L=8, M=16, N=16
Output directory: out_params/out_P16_L8_M16_N16
[34m[INFO][0m === Beginning compilation ===
[34m[INFO][0m Using SIF: /home/haocheng/cerebrassdk/cs_sdk/sdk-cbcore-202505230211-4-9382352f.sif
[34m[INFO][0m CSL_IMPORT_PATH is not set
[34m[INFO][0m CSL_IMPORT_PATH accepts colon separated list of paths generated by 'realpath <path>'
[34m[INFO][0m Compilation successful
[34m[INFO][0m === Calling container-hosted python ===
[34m[INFO][0m Using SIF: /home/haocheng/cerebrassdk/cs_sdk/sdk-cbcore-202505230211-4-9382352f.sif
Expected result:
[[0.01965  0.9062   0.3792   0.4614   0.08966  0.777    0.433    0.1129
  0.6655   0.0717   0.04053  0.0821   0.5444   0.7725   0.008255 0.6265  ]
 [0.0246   0.5864   0.3306   0.1345   0.609    0.8257   0.3223   0.975
  0.66     0.259    0.1475   0.2605   0.7754   0.1826   0.0497   0.926   ]
 [0.756    0.1908   0.941    0.1042   0.4248   0.6035   0.0767   0.964
  0.07697  0.01973  0.09827  0.4158   0.1537   0.525    0.6055   0.5767  ]
 [0.517    0.5723   0.1005   0.961    0.6235   0.3508   0.1649   0.5654
  0.881    0.506    0.5513   0.3203   0.7285   0.4841   0.8965   0.1646  ]
 [0.853    0.02917  0.6426   0.4797   0.1768   0.08     0.1871   0.3171
  0.7837   0.9873   0.856    0.8223   0.579    0.1455   0.4695   0.235   ]
 [0.591    0.03384  0.5366   0.096    0.6123   0.2233   0.8096   0.4412
  0.714    0.1373   0.14     0.8726   0.0849   0.4934   0.267    0.3005  ]
 [0.4941   0.00114  0.1122   0.654    0.973    0.4644   0.10596  0.1859
  0.1486   0.455    0.49     0.74     0.6426   0.7573   0.799    0.4507  ]
 [0.447    0.00993  0.681    0.2905   0.69     0.716    0.3755   0.747
  0.7      0.0763   0.1026   0.432    0.2524   0.787    0.932    0.1815  ]
 [0.821    0.873    0.1699   0.8184   0.3784   0.5435   0.392    0.394
  0.1675   0.1627   0.2856   0.10583  0.4717   0.00639  0.99     0.1586  ]
 [0.1934   0.9443   0.06247  0.8057   0.5693   0.3884   0.6807   0.105
  0.2827   0.9673   0.7646   0.1821   0.212    0.8037   0.2198   0.7573  ]
 [0.3196   0.03455  0.3977   0.3362   0.8525   0.3877   0.4226   0.919
  0.7505   0.959    0.2732   0.8965   0.03928  0.263    0.94     0.955   ]
 [0.5938   0.4646   0.3848   0.816    0.6333   0.8555   0.8423   0.254
  0.4016   0.9795   0.722    0.8735   0.09955  0.8      0.6655   0.767   ]
 [0.9194   0.533    0.04077  0.753    0.3044   0.7085   0.9424   0.781
  0.2642   0.0945   0.3662   0.4692   0.82     0.73     0.5645   0.203   ]
 [0.5957   0.2499   0.8345   0.6694   0.5034   0.1311   0.901    0.5337
  0.5527   0.71     0.8096   0.9185   0.0757   0.5625   0.8887   0.144   ]
 [0.236    0.7817   0.573    0.5117   0.5806   0.1215   0.3655   0.7026
  0.263    0.4993   0.1405   0.1283   0.1696   0.5483   0.4583   0.671   ]
 [0.5654   0.7324   0.2296   0.9727   0.757    0.854    0.3342   0.911
  0.194    0.448    0.7085   0.8257   0.7124   0.08453  0.924    0.03253 ]]
Actual result:
[[0.01965  0.9062   0.3792   0.4614   0.08966  0.777    0.433    0.1129
  0.6655   0.0717   0.04053  0.0821   0.5444   0.7725   0.008255 0.6265  ]
 [0.0246   0.5864   0.3306   0.1345   0.609    0.8257   0.3223   0.975
  0.66     0.259    0.1475   0.2605   0.7754   0.1826   0.0497   0.926   ]
 [0.756    0.1908   0.941    0.1042   0.4248   0.6035   0.0767   0.964
  0.07697  0.01973  0.09827  0.4158   0.1537   0.525    0.6055   0.5767  ]
 [0.517    0.5723   0.1005   0.961    0.6235   0.3508   0.1649   0.5654
  0.881    0.506    0.5513   0.3203   0.7285   0.4841   0.8965   0.1646  ]
 [0.853    0.02917  0.6426   0.4797   0.1768   0.08     0.1871   0.3171
  0.7837   0.9873   0.856    0.8223   0.579    0.1455   0.4695   0.235   ]
 [0.591    0.03384  0.5366   0.096    0.6123   0.2233   0.8096   0.4412
  0.714    0.1373   0.14     0.8726   0.0849   0.4934   0.267    0.3005  ]
 [0.4941   0.00114  0.1122   0.654    0.973    0.4644   0.10596  0.1859
  0.1486   0.455    0.49     0.74     0.6426   0.7573   0.799    0.4507  ]
 [0.447    0.00993  0.681    0.2905   0.69     0.716    0.3755   0.747
  0.7      0.0763   0.1026   0.432    0.2524   0.787    0.932    0.1815  ]
 [0.821    0.873    0.1699   0.8184   0.3784   0.5435   0.392    0.394
  0.1675   0.1627   0.2856   0.10583  0.4717   0.00639  0.99     0.1586  ]
 [0.1934   0.9443   0.06247  0.8057   0.5693   0.3884   0.6807   0.105
  0.2827   0.9673   0.7646   0.1821   0.212    0.8037   0.2198   0.7573  ]
 [0.3196   0.03455  0.3977   0.3362   0.8525   0.3877   0.4226   0.919
  0.7505   0.959    0.2732   0.8965   0.03928  0.263    0.94     0.955   ]
 [0.5938   0.4646   0.3848   0.816    0.6333   0.8555   0.8423   0.254
  0.4016   0.9795   0.722    0.8735   0.09955  0.8      0.6655   0.767   ]
 [0.9194   0.533    0.04077  0.753    0.3044   0.7085   0.9424   0.781
  0.2642   0.0945   0.3662   0.4692   0.82     0.73     0.5645   0.203   ]
 [0.5957   0.2499   0.8345   0.6694   0.5034   0.1311   0.901    0.5337
  0.5527   0.71     0.8096   0.9185   0.0757   0.5625   0.8887   0.144   ]
 [0.236    0.7817   0.573    0.5117   0.5806   0.1215   0.3655   0.7026
  0.263    0.4993   0.1405   0.1283   0.1696   0.5483   0.4583   0.671   ]
 [0.5654   0.7324   0.2296   0.9727   0.757    0.854    0.3342   0.911
  0.194    0.448    0.7085   0.8257   0.7124   0.08453  0.924    0.03253 ]]

Repeat count: 5
P: 16, L: 8, M: 16, N: 16
Mean cycle count: 617.075
