# Auto-generated parameter sets (Simulator mode)
# P range: 16 to 128 (step: 16)
# L: Start at 1, double until 3*P
# M=N: Start at P, double until 8*P
# Format: P L M N
#
16 1 16 16
16 1 32 32
16 1 64 64
16 1 128 128
16 2 16 16
16 2 32 32
16 2 64 64
16 2 128 128
16 4 16 16
16 4 32 32
16 4 64 64
16 4 128 128
16 8 16 16
16 8 32 32
16 8 64 64
16 8 128 128
16 16 16 16
16 16 32 32
16 16 64 64
16 16 128 128
16 32 16 16
16 32 32 32
16 32 64 64
16 32 128 128
32 1 32 32
32 1 64 64
32 1 128 128
32 1 256 256
32 2 32 32
32 2 64 64
32 2 128 128
32 2 256 256
32 4 32 32
32 4 64 64
32 4 128 128
32 4 256 256
32 8 32 32
32 8 64 64
32 8 128 128
32 8 256 256
32 16 32 32
32 16 64 64
32 16 128 128
32 16 256 256
32 32 32 32
32 32 64 64
32 32 128 128
32 32 256 256
32 64 32 32
32 64 64 64
32 64 128 128
32 64 256 256
48 1 48 48
48 1 96 96
48 1 192 192
48 1 384 384
48 2 48 48
48 2 96 96
48 2 192 192
48 2 384 384
48 4 48 48
48 4 96 96
48 4 192 192
48 4 384 384
48 8 48 48
48 8 96 96
48 8 192 192
48 8 384 384
48 16 48 48
48 16 96 96
48 16 192 192
48 16 384 384
48 32 48 48
48 32 96 96
48 32 192 192
48 32 384 384
48 64 48 48
48 64 96 96
48 64 192 192
48 64 384 384
48 128 48 48
48 128 96 96
48 128 192 192
48 128 384 384
64 1 64 64
64 1 128 128
64 1 256 256
64 1 512 512
64 2 64 64
64 2 128 128
64 2 256 256
64 2 512 512
64 4 64 64
64 4 128 128
64 4 256 256
64 4 512 512
64 8 64 64
64 8 128 128
64 8 256 256
64 8 512 512
64 16 64 64
64 16 128 128
64 16 256 256
64 16 512 512
64 32 64 64
64 32 128 128
64 32 256 256
64 32 512 512
64 64 64 64
64 64 128 128
64 64 256 256
64 64 512 512
64 128 64 64
64 128 128 128
64 128 256 256
64 128 512 512
80 1 80 80
80 1 160 160
80 1 320 320
80 1 640 640
80 2 80 80
80 2 160 160
80 2 320 320
80 2 640 640
80 4 80 80
80 4 160 160
80 4 320 320
80 4 640 640
80 8 80 80
80 8 160 160
80 8 320 320
80 8 640 640
80 16 80 80
80 16 160 160
80 16 320 320
80 16 640 640
80 32 80 80
80 32 160 160
80 32 320 320
80 32 640 640
80 64 80 80
80 64 160 160
80 64 320 320
80 64 640 640
80 128 80 80
80 128 160 160
80 128 320 320
80 128 640 640
96 1 96 96
96 1 192 192
96 1 384 384
96 1 768 768
96 2 96 96
96 2 192 192
96 2 384 384
96 2 768 768
96 4 96 96
96 4 192 192
96 4 384 384
96 4 768 768
96 8 96 96
96 8 192 192
96 8 384 384
96 8 768 768
96 16 96 96
96 16 192 192
96 16 384 384
96 16 768 768
96 32 96 96
96 32 192 192
96 32 384 384
96 32 768 768
96 64 96 96
96 64 192 192
96 64 384 384
96 64 768 768
96 128 96 96
96 128 192 192
96 128 384 384
96 128 768 768
96 256 96 96
96 256 192 192
96 256 384 384
96 256 768 768
112 1 112 112
112 1 224 224
112 1 448 448
112 1 896 896
112 2 112 112
112 2 224 224
112 2 448 448
112 2 896 896
112 4 112 112
112 4 224 224
112 4 448 448
112 4 896 896
112 8 112 112
112 8 224 224
112 8 448 448
112 8 896 896
112 16 112 112
112 16 224 224
112 16 448 448
112 16 896 896
112 32 112 112
112 32 224 224
112 32 448 448
112 32 896 896
112 64 112 112
112 64 224 224
112 64 448 448
112 64 896 896
112 128 112 112
112 128 224 224
112 128 448 448
112 128 896 896
112 256 112 112
112 256 224 224
112 256 448 448
112 256 896 896
128 1 128 128
128 1 256 256
128 1 512 512
128 1 1024 1024
128 2 128 128
128 2 256 256
128 2 512 512
128 2 1024 1024
128 4 128 128
128 4 256 256
128 4 512 512
128 4 1024 1024
128 8 128 128
128 8 256 256
128 8 512 512
128 8 1024 1024
128 16 128 128
128 16 256 256
128 16 512 512
128 16 1024 1024
128 32 128 128
128 32 256 256
128 32 512 512
128 32 1024 1024
128 64 128 128
128 64 256 256
128 64 512 512
128 64 1024 1024
128 128 128 128
128 128 256 256
128 128 512 512
128 128 1024 1024
128 256 128 128
128 256 256 256
128 256 512 512
128 256 1024 1024
